
1087504388

1121648655

1159299093

1230045214

586481698

1017184666

590250573

1201701500

1231913615

1234436753

1247380117

1259143839

1179912478

1217399566

914230037

1272482818

1189547023

1233980433

561941526

327388183

1158810655

1078136236

1217301932

1024855470

1171689270

1183780815

1100287952

1059332110

408854559

1212686407

1221304427

1069162618

1086005379

1213702306

1230348450

1215242432

871702949

1182212566

509223426

1177821891

581641031

981902472

1257809190

1177953624

574268777

1261315473

1218880918

1270654411

1185818064

471803488

1192371819

1226876525

1223501436

1196172999

1033873301

1116481592

1174808633

1229563961

1107536000

1278552224

463415464

1203185844

1224452390

1224517976

891627881

879995248

779561331

1300081012

1177364854

1165306375

564079155

493857343

989080154

1135127134

897690207

1035512424

1208494697

737651307

832940654

1245063792

1272031855

1209379482

1208363674

1071196840

1121528488

1221307048

1196173998

1120643758

1092823733

475212472

1227664059

439495358

1192209091

1193880269

574335696

623258323

1227631316

1087056603

406465247

1113926370

1031940834

1225468653

973810419

525216500

957262583

1246669561

936553212

1182673661

1262955267

1241623305

1234184970

1174448910

1175268111

512142109

871836450

1258629922

1246112552

1255779114

1286941489

1062546241

1118841679

1114450799

1247357809

1100622727

1035217840

1159703497

1140337622

1193913307

1133161444

1174678526

1019161597

1238084611

1128705028

1011624966

1179626509

1136503857

1227402316

1113500750

528919633

1083354212

1219210370

1038560398

1237527695

1169468561

984394908

1171369124

982527142

1093348519

935603384

672246969

1240607934

1193225408

1245949168

1219112200

1266527504

1238117658

1146367259

549432607

1211149600

1253354787

1175301418

1121594668

1180839217

1178676531

1238609206

1226452326

1273015660

1031122292

1032170877

1190079878

1274326411

1112911264

1091448235

1153641910

639479288

548580856

297020931

655207951

1210560067

469610082

1210560107

1286975096

1061006969

1186573950

1121169029

1276554892

1249783437

1144434320

1216032408

1169436321

1238642341

1239035560

1225862827

388640436

1115074232

384282298

1247850179

1169370864

1239690994

620244737

1186115335

1244409610

1286516496

1198075668

1208332068

670674729

651407146

1176448809

1290612524

1218195253

1237528381

1200107332

1210593096

1131982672

1133883216

1197846361

1190244188

652062564

1063956349

834285437

986722176

1154002816

1217343365

1120120711

1269051304

1247817658

1120219072

1112387539

1218719714

727592934

1140699113

1230352363

1258106860

1203122186

1057009688

765964317

962768931

1127493677

1211084874

1088532574

570306657

1110224995

995930211

1257648229

1249980518

1227600012

1273737387

639938740

1174778038

1219932345

1073000645

1246081228

1037414606

984428787

1246671176

775991654

1189917036

1170092405

1096495478

1208988028

1169109373

1226387840

1234907531

1299591574

1212002719

1217376670

1190212018

963097012

674542013

1289105856

1182282177

364949958

1123922377

1228059086

1237987793

1217376725

378089957

1219178983

1280946671

1094595066

1192178179

1249161731

1180971527

1166815752

1137881623

1045901853

1216098846

1097413152

1148006948

455160359

1210266161

1210593845

1168421435

1255879235

1180873289

1143059018

1059304016

993473105

1091482195

1194930774

1268560470

977646169

975811186

1039807100

1173533310

473543295

1121530497

1256141441

1177301643

1174680209

979415701

951399072

927838881

1213706913

504214186

1281307313

1204073140

1168519862

970044095

1192178379

1179661012

1021522658

1189917441

1274917643

1219244813

1261744914

1184281373

1265709853

1239724834

1210299179

1193521972

1286976311

1286878007

1255060288

1138406209

1143419713

1208365889

1174680394

1206104906

1213313868

1180480335

1198109523

1179661140

1119073115

1033679736

938095483

672150402

1035154317

1266168728

1287500698

1124807581

1185428381

1079817121

345650079

1215214499

1198633894

1259090864

762131394

1112060888

520762327

1062220764

1231270886

1003729896

1071494130

396669943

581448701

1129624575

974599171

1279669265

1174156313

1054651434

1050850346

1007924271

1280455730

1160197175

1072018494

1173730366

1287009343

989148225

1190310979

1134900294

882521175

1173795943

1239266408

504575083

1163572333

1125069931

1216066672

1236087916

1211085961

1271968909

1290646685

1166816417

816100522

1193096364

1243296949

955298998

1274918075

1091155134

1148826821

977908935

1246115051

993408239

1068479729

1099019563

1160066356

966473019

1243886917

1090336071

869315916

1217312088

971978096

1185822090

403977617

1212200349

1152857509

1156429223

962311592

1245099435

1263383982

725169583

1239299508

1186182582

1169470905

1234843069

477935039

1127658944

1239365055

954185171

1260467669

930395619

1213249003

1156527601

1019459060

1216755193

1166358008

1231009274

1270593022

1262990852

1047246341

1210234377

834844171

1193424401

1256404497

1106818579

1143387668

1163802135

1245525538

1253881382

1194538538

826324522

1112094262

444085845

1274918484

1286288992

1185396322

687617647

1012151919

499791471

849720952

1039971965

1171011201

953366154

959231627

1243428492

1044625037

1273050767

424818320

860501654

1308669594

606910110

1252963998

1193850528

1134343845

976434858

1195816621

1230878390

843986622

1225864903

997209801

386283210

1002321612

1260173010

1100330715

1215543009

904836838

825276142

1208399606

1197946616

1071724285

1213314835

1225144091

1168127772

1046787882

590329647

1238218547

1281832757

1118385989

1019492179

1248245593

1217771356

1230288738

509458284

1218328433

1067530099

1177433971

1228683134

1255847808

1227143041

1171339142

964769680

1273640847

1244411812

1194440621

1228552118

556382158

1261877204

1186183129

1230976985

762951664

1247492087

1142503424

1184741381

1179662344

1214232587

1242740756

1161246749

1069824031

668416040

1173469225

1268922415

947402822

1105377360

1164916816

1057437788

1197127788

1220720753

977975413

1185396853

1211611253

1168881796

944158857

1245001879

1127266458

1177958556

1205221561

1181038779

1287403716

1108424911

1107015898

668317926

731592936

1181792489

519387371

1148303597

1196636404

1105246469

1252735237

670873866

568834316

975976722

1200371989

1189460259

897038650

1248213317

536262985

1208400220

1220819304

1288386931

1181235576

1041873285

1271052683

930691472

1190017423

1214298516

982137241

1234516381

890386857

1055603116

997636530

1137523123

1214757307

1191721418

1072282071

1090337251

1273674213

477968876

605633009

1210399218

1214757370

1287928330

1151220243

987904537

1212791324

1273575976

1186347563

1015364140

1062451761

872987191

467810884

905198150

1236089425

1192737368

1104853594

1113373279

1211087455

924301921

1239366242

977877609

1266137710

636369522

1207220853

1066121857

1177959045

1215576714

566278805

975256227

328219302

1117239983

581450421

1247820473

1166064336

961297111

952548068

1061960436

1193458423

1173764871

1194441487

1219181336

1084930849

1118812982

1101019966

1197849423

1196702557

1015266142

1181793127

1230060392

1179204468

1171635060

1252342673

1214856083

454802329

1199422367

1031420831

765508525

1219115956

408697793

1138113482

1086471119

1190509527

1298381787

1067826172

1217412097

890780681

972012557

1099054093

1239268366

1111112718

456244246

397589550

870693951

1265613918

1235958882

966245474

1219181668

1205779558

1114127463

1217346674

1108458617

1255783557

1227209880

1058290841

1212234910

340769953

1229110433

1158757542

1142537434

671464704

1194441989

606190854

1294581007

888683802

563494175

1052654880

1200864554

1156758845

1251294538

483867984

1198865746

421576027

1173142880

836517222

1157414269

1271315864

1227406785

891633108

1042890214

1080278509

1235467771

1191689756

1186250275

1050852901

1195753016

414432841

861748812

951205464

837860959

1190805095

1121730156

1212694141

1234124421

1227374214

962084488

927350422

537280156

936033950

1179631281

1090436796

1258569406

1167376083

557137623

982105816

1289109206

996785884

1190444766

1059405547

962707177

1227603691

1153515245

1225899756

1247756008

1194966769

1185791743

1236090624

1016577801

482688777

1267678991

1067728660

1121107733

562183957

1189887803

1153384252

642727743

1281507141

1163575115

1166884692

1191034713

1195753305

1061896024

1191034717

653508448

1112194912

1196703593

1078869865

633913199

639516529

468074364

929939325

1075920778

1280327565

1118814127

1271709615

1251852209

1032765367

1164492728

459489208

1154334647

951697341

1071202238

1151287237

934854600

1214398416

1159577559

1039351794

1224556530

1279213565

1207943172

1114456078

1257390097

1166917655

1251262507

1256308782

1251262552

1206730845

968999008

1091944550

1235370090

1225932911

467452023

1213317241

1268498553

781795461

1229963401

614678683

1237467295

1175994534
