
1097465856

1204158467

1163984902

1250394120

1288470539

475463706

1217363996

1208025122

1225490470

1183219753

595558452

1043824696

1248198721

1270612039

1182367817

998277193

1252393035

1130823757

899285072

1251344465

1177419858

1249312850

1061847126

1271365721

1117749348

1284309095

1027702893

950927470

873889908

1153958006

1197965433

1239285882

1093042300

1044185214

1218674822

1254359178

379781259

1219625108

1109655702

859078808

880017562

992051355

1205862554

991723676

1033109659

1215660190

853246110

1288863898

1237483684

1037959338

738918577

397836467

992837813

1249214657

1298366657

1150746821

1146323142

720208070

1176797391

1027277008

882507985

1147109588

1271660759

720208088

867991770

1238630618

1133052124

1084621026

1002635492

1250820324

1294565605

1146945768

1101136105

1126203626

1180893422

965279985

490111218

467894515

526713081

1205043450

1159659771

1175978240

1178894593

1171095810

1184858368

1114702082

1147502853

959545606

1002340615

1176436999

1222246663

1028948236

477364494

1193935124

1180860698

1271267611

1304985884

417726752

1223393572

1225818406

1202684200

1180467497

538640684

1304920366

1111785778

1106313526

439615801

1137508668

1145340221

1286635842

1128464707

1298432325

1163592013

1077346638

529826126

1053327699

1228046675

1120043349

542671190

469369175

1248690516

1110376793

1179910490

1208058202

1108377948

594182492

433127774

1244627290

1235943777

1138262372

1204224363

1308164461

1135182194

1208418674

1239744885

834240887

887947640

952238460

1215168893

1237614974

1174176128

1234469250

932381063

668434826

1171816843

1051984269

1144783246

670564749

1207239054

916423059

1193116052

1090552213

1097040278

1196556691

1098121622

1225458072

1175257499

1233584542

1185808799

1171161504

1272676766

1227194786

852197796

1031405993

1104150961

1185808818

1018134963

1205404082

651952567

364183992

1159266744

1212252601

1227620792

779157948

693928377

1294074296

880017855

737214914

1259078084

1176863177

1093370314

1197441484

1157792207

933495248

1246593494

1273659862

1183711714

1079837155

1253310948

1194000869

1024000488

1024000494

1031897589

1238958588

1179353597

1197965824

901251589

340361737

1205436937

307462667

1256849930

1239646733

1129611792

500630033

883393043

1198195219

1047593494

1195737623

1235386905

899416606

748093982

1038778912

1215169057

1235386910

1144848934

543097382

855900711

1035993638

1240629801

1105855019

1186169394

1124467250

315130420

680624697

1018626621

759693886

1164575297

463700550

1219854921

1270645323

1209926226

1260487251

1183842901

1243447893

384238167

999686748

1226310238

1212220001

1242858082

1198948964

1185415787

1219658348

1068204657

1057063537

1198129791

1257669249

1171030658

1075872386

1210024578

644907661

1106903697

1106739867

1262977693

1059979936

1233617575

1259143852

501220013

1249149614

1012368051

1185448627

1171784371

1166574259

1250329270

594412213

1292272312

663126715

1195344573

1111458498

409567943

1044579016

1151795914

1151763147

1291256525

1061520078

637436624

693076689

791053015

1044677336

868123351

673612506

942834395

1207993052

1230996183

1241613022

1247707867

474940131

1238041315

1225556712

1257636585

1209336554

1237549804

1247380204

542180079

1228669679

1024918262

520356600

825426681

999195395

1196229380

1180500741

725222149

1205764867

1178927880

1182532361

1235944201

1184858891

1282278150

964788999

1228964623

933462805

1071514391

1196196631

965706521

1147994908

1181319967

910492448

1193247519

1185841954

1217332000

1249248034

1267303200

1215202086

916685607

1279296287

1002210090

1084654380

1160217392

1240040243

1164411702

1188594487

1119486775

1252557624

920748867

1017611083

1267204941

1190232914

1182663515

1200554846

1151370085

558433129

1225982826

1085408107

1216021356

1085899628

893387630

966951791

518587250

504300412

1249313660

1238107007

1128629123

695108484

1222837125

1206748038

1205240711

1044644743

1252983692

942900116

982451095

1167360920

1066697625

1031406492

1313178532

1236042661

1142621094

538411946

1217692587

595559340

1234240435

1255244730

1083835330

1100088261

1234174917

1173390282

1166181323

1169949642

1003652049

640484311

1251836887

1086981081

1258488794

1197835231

1068401633

1173389306

1258488805

1185711080

1159562217

1252557803

526058485

1171719162

1158808570

1020167166

1179976703

1220314112

1185448961

1234174976

1101038595

1179616263

1275429896

1310262280

1277625359

1243972624

1229587477

1209992217

1184367644

1262978082

1240204323

1119847463

1259668523

1295483951

1183319088

797639732

1203143733

1092944951

453051448

1192592440

1090290744

1219626045

1261306941

949814335

1062765632

515114051

1270645829

988644423

772998217

1209369676

1137902669

1213662286

923337807

1038812237

1024951378

1137050707

1244496979

1223328854

1106936921

507937883

1144423523

594117733

954205285

1119978599

906560615

1181353071

1133184116

1174766709

862880884

1145013365

1185875065

1190560894

918062208

463242371

1196885127

1232110728

801866889

1063191689

1141343378

1207141525

1164412054

1269073050

1037730971

335545504

857048225

1287390368

1160119462

1289192618

1124041903

998180016

1029932207

756810933

1031406782

1144325312

1263731905

1143997635

1191412932

576619719

972555467

560104652

713589975

570426586

1177486556

673907937

1183712481

486409447

1216546024

1186006249

1174766830

1261208814

763692274

1178502389

1090290945

1190528271

1224541456

1155892498

956794130

446760220

470156573

531268895

455902495

1085768995

1078297893

1220936997

541590823

1171326248

1209468207

783484211

1209468212

1252918585

1136133435

1255376190

1071154495

1158808898

1233126724

1191707979

432080204

1076856142

1183548754

1069778259

1246627156

1125909846

403637590

1198523737

1235944793

462554462

1090815335

1203701102

1091994995

1269073270

1232504183

1181451640

1193444729

1187808636

1177257342

1024951678

1226376575

1065289089

1225524612

1232504197

1160054151

1251313037

1272022415

1173161361

1264551317

1097467288

1001096601

1196131741

1287914909

1038091679

400459168

376374689

1185809826

979469730

1208190377

1094616492

1283982766

1137673647

1241318836

1167885749

1128695222

510461370

506627515

1155892667

996509117

1131251130

1092421058

1096287686

916555214

1204094414

1252558286

1281492433

1194919384

1226835416

1133544923

1170507229

549881316

1198458345

1308886505

1207698921

1213728238

1296631278

1214776816

1068402162

1197770230

1184138743

654673401

1032160762

977077757

1260520961

1114277380

1199736328

930350602

1247774219

1065715216

1014662673

641992211

503809556

1215170076

1046775324

897779231

1068107298

1185187363

714802729

519964203

931857965

1130858035

328205875

1085015611

1215235646

1234437699

1282278981

1190757960

1225197132

522585679

1223394896

1230833233

1276511830

1138296407

1239025240

1251313245

1184826974

1228605028

1221822054

584713830

1186563688

1232504430

1143342704

468092531

589366904

1189807743

1212122752

1260127872

1243055750

503809671

328992396

1234306716

1089963681

1213728417

935528099

1179911844

1244497574

776865453

617842352

1088194226

980223668

1116636853

1101661877

954762942

688752318

1245644479

731645633

1232111297

1128203971

1202226884

1140360901

1101661891

1168901832

616728264

428869322

1276479177

1211107022

1027737300

1048118996

1225492182

1217693402

1164379868

1170441958

1213728488

1132201707

1071744748

1249609452

1185580782

1287096043

1294108409

783484669

1235879678

960759551

674105088

1189742337

1137051394

1229489918

423855879

744851208

1313670920

1142851343

433620759

505415448

1199048481

1017186083

1185744676

1182271268

307758884

1197279018

987891507

1104840500

1184237368

1161267000

1135675194

1244038968

510461758

429000513

977078082

896534344

1174243145

1172703050

1140819787

981796690

1085769555

1176373077

1155893078

923699030

1092749144

1241253720

435357526

1128335196

1087670109

432047970

1085769571

1251870563

1033504612

1289717604

1230866279

1216546664

693045097

1265370983

1205143405

1237354349

1174669168

1185777521

1191806835

853706620

1294993280

692717444

1181616006

1219889033

1091569546

698255242

1190496142

1262389138

1206257556

616302485

1126172572

874153886

1220839327

1227425696

1168541602

1047201699

860620713

1273923500

1272547249

1253377972

1161693116

714508224

952764370

383027157

1233586133

1301874645

1215563744

880642020

1273104358

1033471974

1099073513

1185384435

823658485

1170999285

1110640634

1187907582

1159202815

973998080

1076496388

1074628617

1132824585

1235060747

1215498251

1278904336

542115857

973113361

1124927506

1294534673

1202751511

973342747

1259735067

1301907484

1272055838

1148979232

962627617

1257605154

1233160227

1244399652

1093404712

1296762921

1286604842

1135872048

348719156

1006503995

422185019

876316733

1299744830

1239648320

396101698

1143769155

1239648324

1158776901

1273497670

695109705

1028950091

1234962510

1265076304

1216677969

1054869589

562169941

1237485654

1132496983

1220413531

899811420

1218676831

1197181025

1172736097

1172801633

1210615905

910395494

1197934695

1280837736

1000835177

1042843755

1152845935

1116604530

1146128499

1032947833

516491385

552175739

618039426

1170868366

1027704975

372836496

1189906577

1214253202

528418964

1027311768

1068435609

1244530841

1271990426

1189021855

1258129569

1128040612

1160218790

1046087848

1129679023

1276512431

1176864945

563546294

693995703

1163659451

1227655355

1229097149

1060997312

1263012033

866945218

1255835851

1294010574

1065519317

473204950

1085769945

920684764

1268517085

1137838302

1254656222

1085769954

377194722

1075939556

1249609956

1132005608

583698664

347310316

288688365

1180272878

659425518

1246660844

1069549814

1102776569

1225394425

1176439035

1164806399

1263864064

1100974338

1182894339

886212870

1295485191

1227622665

1255115021

1056999701

1170802966

1204619542

1167919384

1282935064

1097009441

1091864867

452823332

1301842212

564136230

1272809767

434800936

1271040298

1120536875

1117325616

1206257973

619481402

1203669310

1042975039

1246595390

1031113025

1297123647

1003882819

933464392

1234569545

1136134473

1220479307

1257507149

1220282702

1164020048

1257703761

1261242707

334825813

1223887191

1185417560

1225591128

1163594079

794528098

1110640994

952174948

878545253

1213270375

1187776872

999295338

1118210411

1222216044

1209403763

1217268088

999295354

1187547516

961382781

1194002816

1194920321

920160643

1197312388

484411781

1296730502

870091143

1261635971

1058703757

792562062

1173784974

1111755153

1191348632

1064372633

683706778

483330461

1271335326

1185253792

894568865

1237617057

1272056233

1239681452

1187842477

1006111149

1071385008

1228048816

945490355

1272482232

1208420793

1129155003

1123060157

1053002179

1078135238

1061456327

1061652941

983632334

1106381264

1178536401

1180502482

1188891091

1191676371

1190496724

1169820119

1215531479

1118865884

1195510238

940050911

1182697952

1171687905

645859810

1215171042

1180502500

1299581414

1127647723

878610929

1207208435

1250298357

767265270

1219234296

1250003449

1112050175

1249610247

522029577

1160645130

585599497

1191840269

1059621389

1203636752

1137904149

1111591445

1231325717

1023248920

650807834

1249937949

981535263

598673952

1278216735

1257638435

1215171115

957123119

680495664

1147439665

1215302198

1048349241

1183353404

1098091073

1225525825

1191709251

1268976199

1287916103

963054155

1098189387

1090292301

1241188940

1018137164

316050001

1049234005

981305941

955157084

1289521766

869927528

561416817

1163496049

1161693809

1305545334

1195510391

1152486011

1207995005

1244662397

1280412289

1296632449

1255508611

1179912836

562989701

1092455045

1234438789

1263372935

1181780613

1159563916

1038551692

493849232

1188170386

1152289427

1198426771

1038551701

1187777175

1212779160

1255869084

1173818016

736103072

573934243

1205897892

364186277

1287981733

1159072426

1228507818

1125255852

943622828

450726575

1268419265

1269959362

1121782467

431229633

1034652357

1139083980

1131186893

829393616

1229884117

1121618645

1184828120

1167887066

1216121563

1180502751

325815008

840764129

1279691487

1303415522

1233980136

1173162729

1038551786

871205610

1314851565

990513903

1148881647

1038551791

982715120

1214581496

1142459131

1263602432

1219922690

887393034

576752396

1021971213

606800657

1064340249

313199385

1032162077

1281887013

1182894890

1257605931

1237486381

981633844

324012853

1224575799

594774843

1209895740

1220348739

1129712461

1041795918

515836751

905743187

1296730963

1251838806

1195314008

1186204506

1195576156

1124338529

1109199718

1212222310

1172114278

1136593771

1237093234

1255770996

1265535862

1205275510

1190824832

451349378

1197247365

1193872261

1058409351

1279724422

963152777

614239115

1233587084

1260850060

836471694

1226836879

1219857298

1185385363

1032653717

1198099352

1193970597

1303317414

1198099369

1240763308

1103170477

1158679468

480807857

1314851761

1195740086

941558711

1182862264

682396599

1211042742

1158515641

1239714749

1191676864

822021058

1214581705

1011682252

1184107468

1172179917

1171000269

859802575

928353234

1011780567

1286474716

1239452637

1188203490

1155894243

654380005

1022888934

1163496424

1157303273

1171098601

1191349228

1077611503

1226836975

1305545723

479431697

1093733394

1227590673

1039141908

982354972

1280871452

1171328038

1184369714

1238567987

1168444472

1123421241

1241615418

825461819

1093504059

1171295293

1237060666

1123421247

1042582592

1073286211

1141771336

1121553482

1244007498

878611532

952142928

1204096080

1129122898

960072790

1213303897

1217334362

1198001241

1060506717

963382371

1184173157

1302760563

1132956788

885394549

1272581237

1292668026

1240665215

760319105

1151831172

1109822597

1040059529

1252330637

1199312015

1028623510

1179421849

972557467

1072041116

1137020060

1130794144

597134496

701598884

1114606759

1163594920

606080169

725879978

974982315

1114737837

1247382706

650087603

1229589688

1199606974

525667519

448859328

1099009216

1281985726

386239683

1261669572

1196657863

1218743495

1193577678

1173785807

1279200463

1236667603

1194331352

579931356

1211043038

515214562

1221823719

1213238506

1310362858

891194610

1194560756

1290079482

1153961211

1228508412

1130630397

1176112382

1165233408

1170803973

1226378502

1198427397

577342728

1166085391

1226902800

1064078609

1118866710

1094159642

1193839902

1209339167

1214156064

482151710

1234472224

1257639204

1232538917

1088720170

1238175019

1169952045

1222479149

1030360366

1226902833

1296141619

1107529012

1094290745

1198198074

521833787

1228967227

1295551807

1180994885

1116605766

1203703109

460066121

1234865482

1215499595

1226902862

1191677264

1153469777

1151372625

1215499600

1222315344

1038552405

1218317654

1185647960

951094618

1040092507

1209371994

1191677274

1180011870

1175686495

959810908

1245023585

1187777890

987336035

1238601052

1259081059

790203750

1190923622

1241255271

727420266

1230835053

1060900211

976063866

1193479547

1214844282

1309478266

1236503935

477891975

577572232

1176112524

1182272912

1196101009

665685396

307727765

1170443670

1124371862

1090325914

1016204698

880971164

1040059805

1255837092

1222249901

688983474

1235455410

1175260596

1132006839

1144131002

1277038015

1216810431

1259769283

1272024516

1185713606

500108743

1221234120

1063194066

1185746387

1245187538

1204686293

689180123

1088720347

1194921435

1187810779

1219235294

1008111072

693898722

840469989

972557799

1243319783

1280282088

1024953838

1159204335

1147538931

1214483956

927796727

1163595256

375295479

783617527

1294634496

1192267265

505089543

1195413002

1244139019

1272647180

1143410189

1184796179

1263373843

1271074327

1238601251

520097315

1114672677

1139117604

1213271592

1182895657

1125355051

1250659883

1052675632

1202064945

1178504754

1196199474

1171328566

1278643767

1192136248

1107529276

1076170303

1118441024

1178897988

475336263

1235979849

321850956

488574540

1205767758

1212780112

1041370707

737676890

1172213338

1252986461

1160220254

1189776990

1117818466

1020071523

1056083562

1163497067

1047236207

721817200

994020977

1207176815

951553660

1210322564

1193315973

1218678404

1159204493

595594905

1004539546

967741086

1146752671

684756638

778342052

1228574375

1276022439

1052020394

1231949483

1239256755

1116868277

590646966

524619447

1163595457

1236045508

1088655046

1091473095

1143639750

1234603719

1209142986

1221201610

1272024775

1309511375

1219858130

1104907987

1223790295

1183157976

1212255960

1212223193

1060474590

1252527839

471830240

1233981151

1301745381

1245056746

364580591

944574195

1156452083

343150325

1186565879

494407419

1107824380

1274449661

1118834435

1166184196

1131482889

705498889

1168543499

994348819

298127125

1074630422

1185845016

448925465

993398553

1271303960

597790503

1208913703

1143705385

1271303977

1260130092

1097731886

990514990

1181781807

1255771953

893816633

898568005

961875786

1065127755

1033080652

1177882444

1138659150

1161957196

1225887568

505515857

1060474699

1193185107

303337299

1125977945

933236570

1250004825

1256722265

1232146274

1171066728

976916334

396103539

950701948

985534333

1186271102

882741121

1202163586

1207144323

1071976327

573902728

521015181

1069027215

603131796

1041665943

1171591064

1088130968

1108807580

1255739293

999395230

1172705189

1239682984

1087705003

613126060

869011374

919998383

401510320

406949812

1131122614

949784506

957124541

860491710

1024888771

622333898

1180504012

1281888204

545263568

366612434

1089048531

511807447

1010962391

922783712

1048383457

1245482978

1276088288

1202524133

1182633967

680366065

784437234

1125093361

1240633339

1141837821

1235423230

1286606848

1222250497

1207472130

1044549633

1245057028

1176440837

1215139856

1184206865

1308168208

1068142611

1007915028

390238229

406982681

1088720922

698716187

1185812512

1166872608

578261037

1145311278

1265733685

1234178102

1235423288

1244663867

586616892

1182896194

1163497539

992710723

608899141

1071517766

1247416386

1035505740

1176014932

1208914008

1185812572

956338270

449810527

583798880

1261834335

1164415074

1275433060

979112037

1129680998

482873447

1225134184

1236013157

613322858

1126731884

1172181101

1218711664

1170444403

1112608887

1266618493

1190760574

1153208451

1246597256

453447822

1219891343

1175294095

1260884122

1057853596

1205801116

1249218719

1130533024

1205866657

1234931879

1033408683

1205866670

1215140015

999297198

991563953

1072664752

500175028

1170411705

1236046011

1239355583

940249281

1188565187

1123881155

1273991366

1088753863

692555975

700584141

1071026383

1254953171

1204621526

1006571740

976851174

1255739625

1256263914

299471086

1174081775

1212879089

486314228

1206685943

1217827068

1228476671

859902208

1100124418

1171034377

1033539849

1268977932

647500047

1228509455

500601105

1153896723

1248760084

1192628507

1231425820

1028362533

1135808808

1156026664

1156026668

1225494828

566661426

1099075892

1061622074

1009979707

639930688

997429574

1261834568

1190236491

1166807372

1138659660

989630809

385028443

1220317532

1006408029

1139609950

865276257

1265406313

528519530

821399915

1195741547

1037799797

1100091767

1298370936

1182634361

1169985918

1198526849

953913733

1220678040

1086558618

1220678045

553849247

1223889311

975802783

1171329442

963580322

1232081311

421499302

1217302954

454136236

407998895

1192235441

1252495794

1191416243

481595833

933958078

1270649285

1159238090

1208160718

1164775901

673354210

1129648611

1067684327

557617643

1251807724

555946477

1255772654

1209930228

925209077

493818358

1220284919

1093865978

1303417339

1198100988

669553153

962728458

915444234

1214222862

1196200463

949359122

972657175

1217335836

1287361057

1233195557

1250398757

1156092457

1241322027

1060704812

1172738609

995168820

1122439732

791155256

596677177

814977594

1176834628

1218679366

1195545159

928944711

1158746699

880448076

1142493772

1193120335

1071649360

1290211922

386568787

1206325843

910037591

975082073

1163956828

742625884

1166611047

1040781929

1037767274

1202754161

438309491

1179685493

1228575354

580457086

564007552

1052643970

1203671686

940020359

1271992967

479662730

1059099287

1181880985

1106842267

1174147743

909480609

1220317857

1194496676

1126273701

1233556133

983569063

999789224

1255871144

1105367722

1236112043

1251775159

1212256953

1190040253

1283068616

1225102030

1225134799

1195741909

503190232

998249177

337023709

1229361885

1239814883

938185444

508433124

1212027621

1119458027

1141805804

1053430508

1242731246

1131123439

1316557548

396825331

1174803191

789680891

1229689604

1047466758

1150784263

949785353

909349642

595596041

591696651

1274417932

1299583758

983143183

1020990223

1204622102

1225888535

1141805848

1050546969

565056282

1247744795

1072993048

1205834521

1263407902

887362336

1184797482

1177948975

1253806898

1079710520

1101632316

1135907647

1207145280

1281397577

1233163087

1185780563

1125323608

1102123864

1246663514

1188238174

934843233

1214190434

1161073507

1234899811

1268487019

1070142316

1151570798

1204294512

1215173490

1124930421

1083970423

928945016

1176441721

1207505786

1060017016

1078203264

1035211649

874845056

1223332741

1099109257

1295029131

902960013

1169363855

1168937885

1218155422

1006605215

1219924893

971608996

994120614

1214583719

1245582249

1200296876

1112478644

1243419574

900404152

1179685820

1183716285

1168905152

1163596741

1020531658

1134433235

836670421

1032590293

1187615710

1185944542

1072600030

1068045281

1163105252

431264743

1135350762

1208521708

1035310064

1186698227

1061458934

1139676151

650810364

1289950208

1188172802

1030296579

1207735299

1027445769

1163695115

1038554129

1294636053

1059722265

1179915290

1004934170

1102124059

902173725

1235457056

1124799523

1039602724

1280807975

1093833768

680465449

1113265199

1160647728

1069585457

674534450

971215921

1307350065

1166775349

1198986294

955290679

1196561465

1157305416

1217369160

1115984973

1166316622

1272026192

1205376082

843289685

1217139804

982127709

583177310

1023644770

1111594089

891294826

1276089451

1121948782

1296733295

1089836146

1249940598

1253282936

1199707257

1153963129

1125323899

1060934783

635573390

658805903

882414740

1029149849

1039635612

1076237478

1267209384

1198920876

1203147948

963581100

750195888

1250006193

1070437555

1167365302

966038711

1185518778

1022268606

1198101694

1190532288

1211602113

530060483

503092422

976393415

1245058248

1244665032

1234900171

558830796

1225823440

923931857

1255183569

1263375572

1212028118

1109693662

1254823134

1092785376

1299584223

1276089572

959452391

1305580776

386241770

1082594539

1212716268

1236636914

1189909748

1224840437

463213818

1015944446

946410756

657069317

423073029

1256363271

1219204362

1256363275

1102714126

1210324244

939529493

1289098518

1163498776

589403417

1131123994

1022301472

1266226467

1163498788

559977766

1215567144

851711277

444896567

1210258744

1225037113

983766329

1181291833

1236014396

975574332

1184830782

1184208190

1146361152

1261278528

656971078

975574347

390141259

1038554449

1201214807

1219138907

633443676

1005098334

1186698594

925242723

1276089698

994383205

634885478

1210586472

981800298

814323051

1207506287

1101665649

569185650

1220810099

797349236

1257641330

1179653502

1225495936

1080169857

1246107020

1220351373

1247090063

1268913556

1188566425

1179915676

971642269

1180898718

1177884066

431166885

1003820457

1209898409

1182274989

1145738671

1257674161

467703220

1207506357

535139765

1300075959

1062147515

1135384000

1252595136

573019587

1150522820

1092261317

1103238599

1188009419

820843981

1170347470

1151768016

888280530

1085478357

1099666908

1071519204

480941540

956732903

1187157480

1182209513

1265145322

1308038634

1239684589

1162024432

1061590512

1248859635

1250170357

1155896823

1152620025

1127716346

1240045055

1095964163

1104942600

955848204

1061197325

1008637459

524359189

1205999125

1168512535

931337752

1217009176

704484890

1174312474

1238636060

1186207261

994842141

1117263391

1299584543

1138202145

402363940

1191777829

1012274724

1255446055

1177818664

987207211

1224381995

457446957

1018795567

1209898544

1152292402

996382259

1104287284

1181324854

1147508279

1171330617

1227396665

1133057598

1214584383

1023219263

1186534977

812815937

1250825794

1282283075

1289328195

1191417414

1228969539

1274385992

784373321

520132170

1095603787

1051170379

1192105549

1234179663

976688720

1143903826

1174804051

932779605

1214256726

1094555222

1170773593

643798619

1115493982

1228969567

784275045

1177491049

396269166

1263375984

1228478073

883955323

1268553343

758453889

1052710531

1230378629

1057461895

1193481863

1171003017

907056778

545625741

1190762126

985077390

1224873616

533173905

1115100817

1000773275

1262950045

1225135776

479106734

1181292207

1181816496

1179621044

645797558

1069422263

1314363063

1175983801

1013585593

1294571199

1187813056

1225856705

1183684291

1157371590

1227429577

386176717

1133188831

1237522144

891197154

1220810467

1140037349

1187485414

1248663269

1062508266

1188140779

1178539756

1157338862

421205743

895850224

853087982

1178572530

1163728627

1090426612

1244403453

1183684352

1057101569

619517698

1190270723

885823239

1218025227

1195742988

1116182293

1169856280

1065064219

1200789277

1176770334

1222874910

1246172958

1060378401

1151047458

1153079075

886904612

1163663148

1243420460

1220810544

1234474801

1195284275

1019516728

597989177

923670329

1219237692

1088657215

1207408451

1200691013

1160648518

1040029515

1288968014

1230870352

325359442

1269471059

1312626514

631215960

1231361880

1243387739

1156028254

1141118819

1187125092

1305548643

1144035174

1171691368

1248761706

1239652203

1172707182

1239717743

1209898864

1291163504

1191450483

1222252403

1207736183

1122211704

1147115385

1210619767

882710395

1225856894

1192925054

1221302144

1248696194

964827011

1179359109

1033049991

953358223

1178670991

1140266903

985896856

829495193

1026660253

1219958687

325162912

484448162

1193482149

978524071

1137842088

1172084652

675485613

1112479661

1180407728

896112560

1287362481

1197938611

372283316

1239291834

1196660667

1177360319

973182911

597366721

1212127170

806393795

960534468

1094162374

992352200

1121884104

1225005001

1076402133

1213667287

507549656

1042683863

1142101978

1223890905

1183291356

1187289047

1205049319

1234474985

1211045871

1225496565

1258067958

1274025978

603527166

1193908224

1135745026

378869777

1209735193

1229625370

1251809305

1165891613

1180014622

1182275616

571217953

1307416609

495097891

1190074403

1276483620

1248368675

1031510056

1069160488

1245583400

1191417909

1186994231

953522237

1230968900

1211209797

303732806

1223366724

739645512

969447496

1184995400

1196202055

1039931468

1219893321

1301452876

554145871

1289590855

982227026

1089378387

949852244

1236047954

1055397979

1262360668

1273600096

1188468838

1270782060

549361775

1101207670

324016249

1196562555

1142986884

1222219911

1251612812

629774477

1089083533

419502225

1259051155

1060935829

1190434970

1178278051

1181325476

1246107817

1071159469

1148295341

1123621038

1291851950

1186273459

1102747827

1035245749

966072501

1179982003

1171331256

1236703415

1266129086

1210620095

1297193153

1184143554

1127225539

1207867591

1168545993

1172117706

1182898380

1265572046

663820495

1196628176

1186601167

1255938258

1217009877

1156815062

1115035866

1163598046

1118804199

1079253228

1199315189

909351158

1152358646

1156258040

1121097977

1241225465

1257052409

1182931201

1159239946

1078008075

934484238

1184798992

546871573

1116870937

1190828314

1184799005

893688095

1086495008

1231493408

1245092128

1103632678

1266129191

1180047656

515840296

1264490793

1103632686

1012734258

333191476

1283004724

1169398070

1141774647

1176377656

1290017082

824318267

1243453756

1227594047

738433344

1216026943

681646403

946608453

1141709126

1202821460

1157831003

990583137

1166416226

1212750179

963058020

1185814885

1150392680

1233623408

1286609264

1297881458

1012275571

1001855348

1249941879

1260427639

502012281

1215175033

626628987

1224841596

1214159229

1260525949

1190074752

1255872897

483498370

1123391875

477927812

1129617796

1181260165

555194756

1234934150

946903436

581704076

1220352398

1191778703

1236670860

1220352402

1198397851

1226316190

1134008737

1032329636

491231653

989534629

984979879

1107171758

606738868

1214814648

411670968

1184799162

1112021435

1079253434

1288444349

1140201919

390109631

641702337

1222285761

1110677958

1172052423

431593928

1217370569

1181358542

462199252

1191418328

1110645210

783718875

1074403804

1195317727

1228085728

1239325152

1173723621

488053222

1178442218

1235360234

547166701

1272715759

1018239474

1239783926

798562813

731027969

1212226050

1209735683

1206262275

893393414

1188239881

631085580

517642765

830544402

1142528532

1110350364

1027316253

541399582

1208359453

593369632

1210685984

1193581091

1263802915

1018731049

797809194

1214159403

803346990

1176902191

1180506677

1234541110

1236048439

1255086650

1209145920

1178507847

1223367241

917215819

1217763916

1210292813

945199694

1178901071

1217436240

1223367247

913578578

1186110035

1044945491

1213766229

1131944535

1156848219

1189616222

312416863

1278876255

834706017

1223858789

539499112

1213340266

977672816

410229362

871078516

1049172597

978623092

1288542841

1018174074

1232542330

1212684929

1178442370

1172740739

1258494600

1106778762

1191090830

1146755727

568793749

1078958742

1220319894

1184799391

1289984679

1020664488

1147968171

898701997

1216158382

1148492464

1188600501

1058282166

1108482741

1024858808

1271274169

903649978

1118804667

1205803709

1163500223

1252530879

523999937

1061657282

977050308

1146231492

1251744454

1290738377

1185749706

1086003915

878549709

1286707917

555588306

1233033940

1248664278

696457943

1207737049

1260460761

1179196127

949230310

1190501096

1242831593

1106844396

667458286

994024175

634755825

962566898

1124408051

1218681588

1237523185

1221892854

1264556785

1205377785

946477821

1249647358

378772227

1149180677

590322438

1196628750

1187158799

634329875

1245453075

1132010261

862329621

1207999257

1245551394

1133058857

510040874

1196661551

1177066297

1254300474

1076468537

1216518974

1260919614

1223498562

623188804

1206197060

1250007877

1127226192

1177590613

1214192473

1182636891

1200331612

1188600668

1239653216

932748130

1220418403

493001572

1225857893

1217764203

1182866284

990911339

1010801519

1120082802

1229331315

1087708023

1184832383

961911682

686365571

1246108547

1014569863

1108384656

1170742171

1229134750

471341991

1213799339

1263246254

1031150512

1179196341

1225104310

1199020987

485759932

1204722621

1234148294

1149246407

791976912

1067752406

1159568342

1219238870

1255775192

1297849309

1193122785

1208884200

1230052329

1046846443

463150061

1099078638

1263442927

1273142257

1163566066

1093409783

1018174455

1132502010

1183652862

1100389383

1084267529

1258462217

1211243534

1181817874

1300438035

1187585044

386800660

1241619477

1011129367

1177951259

657628191

446274591

920689697

1116609570

1254366247

1229560873

1247812649

1138236459

1186602028

1191713839

1221827633

1159273521

555588667

405806141

521673789

1216027711

492510272

406461503

1228971078

432970826

1158585421

1116707918

1193057360

1040227414

881990746

1120541788

921345116

1203641437

824024159

1188207711

1161665629

1195514976

1172741218

1101962339

1294965857

1211997288

1163664490

1044257900

1018109046

555916407

1231330422

1059593339

1066769531

1176149124

1247747206

1291197586

1210260626

1268554900

1157504149

1190796440

775888026

1176247452

471833761

336141475

1252957350

1234541735

1092263081

1221369001

1105304747

1001036978

419044530

1108417718

1230871735

1095179449

912956604

1218157760

1221893313

1184242882

868195525

981834953

930389194

1120574666

1250335946

802954446

1207147728

1200921809

1208032466

1238080720

498375892

1187585237

1134861526

1226513621

1265835224

1103142101

1161239775

1063787744

970202342

1132535019

1173396715

681942253

1121524975

1237785843

704781559

983506168

1178541307

971513085

693050624

1269505280

1205247238

1180507399

1124801801

1187126537

1053760782

1171627280

1262984465

415997203

1193909523

972561685

1103764760

868785432

1090460956

1018109213

1048354084

1190173990

910040358

1270619444

1269472569

402038074

1118903612

1251253564

1115036996

870948165

1117166919

1048059210

731225423

1170382161

909286740

1183784279

1271307609

534453594

1183685982

1186602341

1193123180

1160715629

1161239918

940547441

1211047292

1144069501

446569853

1229987203

1125883272

1115987336

717233547

477076878

321756558

1294212495

1184243090

1183686035

1140694421

881106329

1249942938

1208032667

807411101

1096261029

1238670760

853581229

1174674873

1235557817

885661130

860822992

906599895

804756953

1152753116

1297882589

1191714277

1018142183

1103142378

886480366

1041964530

1188699636

1175985654

1234476535

1231822331

294919686

1207737867

1172708878

1295687183

1196662292

666508823

1247780375

1091640857

929537562

1191419419

1222221342

682401312

1155472929

1218223656

1260166696

1178541611

1176378923

1174281772

1060970027

951557681

489365041

663068211

551951924

1095540279

1188535870

1111432775

935566920

967089737

1272061512

1195318860

1239555661

1237065299

730898004

1208393305

1215536729

882417244

470425181

623812189

1294540385

1114512994

1185521251

771989093

1208393318

1211637350

972365419

1051434604

1171431019

1183686256

1204690548

1231330935

585571959

1078173306

1187782267

700653178

1159700098

381460099

1189813893

982457990

1215143559

529538697

507944586

1071193742

1035050639

324509329

1069358739

1035542168

1078140576

1182277281

1229332129

1240112805

1089445548

1089052341

1027710646

1089445559

1100095160

883891897

1113923256

1219927735

1193057982

1068998335

576396994

1188994755

747314884

1104158404

1160126152

1118314187

714612428

1189027533

1073520336

1144037073

1271045840

1227628244

1076141781

1187127001

1210293977

1134796506

1238048477

1186930400

1227661024

988946147

1214815973

1195286248

1278189288

1206329070

1059331825

1095704309

1046617847

1180507897

1220321018

1110253307

1205935867

489463556

1229070088

1060085514

1134010125

834805518

1121918736

1217765139

1214783251

1229070099

1220091672

1237098273

1159601958

1056874279

945299238

1197743910

1236410155

638689075

1200103225

1222221627

1183686461

1128079167

847519555

1028464453

633478986

329981776

664575829

885694294

1278254939

1300471645

869244770

726998883

1284218725

1188667239

404660073

1290739573

1146331002

1172119419

1114578811

1267212154

788406144

853581697

1218355073

502046597

1174151045

1231298437

1234444170

1130635149

1116643214

1269407634

1189486483

1263050644

1252859800

1250336665

1260986267

886120349

1214193567

1289133984

1079254945

1225891747

1263443877

1248272294

835887015

1225957288

1193418665

870227884

1253416877

586948538

1147543484

1179688896

1228644289

1081810884

1238638533

1273962437

1137975239

1218748362

575119311

1268850641

885792725

1002020823

959619034

1235361754

980230111

1270652899

1219207141

621191142

993370089

673128426

1260953580

1005658093

1154359278

808296431

1196236783

969154545

1301127153

1189486580

1052057590

1218125817

445620221

1147969536

1230774274

1021026309

1272553478

1261838344

1089904653

582230029

1127227406

1181261837

1219174413

1058709520

1167826966

1227333655

1205805082

940318747

1139646496

1219862559

1104125984

1221206062

1169825839

983081008

1147510833

740302896

1230905395

1245585455

680042553

1249943610

700227648

1219174464

877928516

335323206

1276977224

1257119820

948805709

1190076498

1218617429

1216192598

1195286616

1179689053

1050845284

946380901

1247125609

1116905598

1146364032

939532419

1247092869

896180361

780574860

1158815888

1257644176

1150492820

598581396

1191813275

1232150688

1203708066

1185423544

1206722745

1169006778

1252303037

1021583551

1195778244

932389062

1235558598

1110646984

1130307785

1186144459

962404555

889200846

1181786320

1165926609

1211506898

1190011093

1227399389

1201152224

1196630240

1047961826

993796322

1014374628

1073389796

335454448

1142431984

1261773053

1174151428

1187553542

1232183561

517153034

1031545098

962240784

1190043925

1234575637

1287856406

945955095

1240932641

560406819

948052260

1273110820

884744489

1109303593

598974767

1031119152

1280844085

1056448824

1245618489

1278845241

1215635776

863707458

1165500738

1168286026

1232183627

1040523600

1101111634

1112383826

1033019732

1233068376

789356890

1153868122

1119920477

1217765730

1190044003

1249845602

1178542437

1234903399

1016209770

1149837675

1139089773

1190535534

562897263

1208394096

1076896109

1140892018

462397814

1107829111

794960248

1021845881

541532536

1149182335

1125458304

1119101314

1189781891

1273635203

1214783879

1176969608

1289724297

1246437770

1216618891

1290674569

1284088202

1177952656

1156030864

1270817168

424059280

1182802324

1187193238

1227628953

992813466

1164026267

1081221532

1286971815

1209737640

504275369

1055596969

1179689387

1194959276

1251844524

1239654833

1208066482

914399667

1177887157

517185973

1241620919

1155342779

543826363

1027285438

1159209407

1126638015

1048355267

1225531847

1185751496

1010704842

1149280715

1171005898

824713678

1166090711

1279828438

1259643354

1179296222

1133421024

1219863016

1034920425

1132962286

1238737394

1081287155

1234215416

1182081531

1122017793

603529731

989733380

1234084354

1250304522

902767115

1197974027

1050485261

1218126347

1109008912

1191748113

1148592659

1290576410

1116578331

377135644

838804006

1175953961

987832878

1214784047

1055138354

955359797

1053368887

980132410

592978493

1245553214

1137025601

1026859585

969122371

1271308869

1190240838

1189683782

1134895689

945627728

1239294551

1260003928

1174250076

1156784733

1264525920

1175757409

1164059234

983507557

890479211

1067000429

1168548464

1211802229

1309450871

1238180479

1203643012

943432325

1192206988

1229103761

347415188

1212162714

407413403

1021190811

1202234012

1040491166

1163731615

1026761374

1179329184

1097507486

1247716003

1280844451

451945126

982819497

1173332650

820847275

1231856298

1217733297

725426874

1226908346

1225106109

1250796222

1185424068

458269379

1213768390

1239458501

1262920387

1218650828

1169269453

1099145936

960996048

1216029394

1265705683

1003037396

1281991384

1130963673

1131455194

421864154

868033242

1218093787

999924447

1260102371

1277862627

1174151909

1191781095

1188602599

1205117672

1193124586

1094656747

1103438575

1273963248

1177953010

608707318

1235362550

797090553

1099703034

1217372925

1240900350

490939135

1115988735

1149477636

1127260935

1227596555

1123132173

1245586197

1135354652

1187554080

1179624225

1116906275

1094198054

1310368554

743645995

717628209

1225106226

1127785266

887104309

1193157432

674210616

335029050

1163666235

1203118906

1010803520

1227039556

1013719877

1191682892

876290893

1011000146

1239884626

1126212440

1015325531

1139254110

1076208495

1147577204

891528055

1099735932

1125327742

1092526974

1311155072

1142891393

1156948872

982819721

1200071561

1167827851

413639563

1238213514

451945358

1221763980

1168548756

561521557

1243325333

1251943316

1218683802

1086202784

1053336483

839263141

1107829675

1181328299

1213244333

1273635766

1055335355

1190568892

908698556

1184834494

1187128255

1210327999

1031152574

1229038532

488416197

1114285005

479503309

1269408720

1195582417

988292052

1246143451

1143907293

1212720094

960177120

1076339681

1281893346

964436963

1171694567

1055302633

1001989098

1114711020

1183163374

1206199286

1217733623

512402424

991339513

993764346

1128309753

1102750714

295445501

1293984771

963093508

1213735941

1095607303

1195746311

680436745

590717966

1088758800

1210590224

1034658841

1197220891

1220322335

1020109860

1159242789

1033282601

1192207401

1117070380

1179624494

1136632879

1227367473

1255416884

798630965

1171596345

1189094458

515220537

1188570177

1214358594

1243456586

775562318

1114711121

1062478930

1095607383

1173169240

1168385118

1189160033

1279140961

286106725

825435240

567583852

1054876781

1116808304

1040524401

1280189559

959784056

1225925760

1135748226

1235920003

1120543885

1114678413

896050319

1070834832

1084957839

1190077586

898147469

1269638287

1297917075

1236051094

1272554647

936453272

1215014040

1284285587

1228055709

459318432

1180509346

1173988520

659661997

1208984751

363308208

1186178224

584721587

1243325621

1180509366

1183294646

424912055

1132733624

969516220

1133978813

670672063

967812288

1071785167

1245488335

296756437

1251026133

438084823

1240704216

1066738908

366322908

965715172

1270129892

958604518

1193911528

1245553897

1175463152

1061528816

1190569202

1049732340

1281238260

1180542200

1237591288

1259644153

1265575163

1275503874

1178903817

888251661

1206822160

499885330

1195746584

1211966745

1087284506

1263904024

588653855

1058710817

1211082017

1053041953

1263019298

1193878825

676013354

591635764

1317709108

1199482169

1263019321

1317545277

1242834237

1112384840

1295033674

557688143

1124410704

1177953618

1157309779

1098655062

1218684248

1218159961

485434713

1256367450

1013818720

1085482336

1119200610

1208001888

904963430

1072670055

1176970600

1211114854

1233954151

438314348

1260954989

1092003182

1020962158

1218159984

829465961

1092593012

1124771190

363996535

1252894077

1287988607

1163765126

767370631

863937935

523642255

932226452

452535701

1194927510

1185818009

1030792602

1200072094

1183655330

1259775398

1209083304

1208034736

1225139633

1146889656

1191323065

1112581561

1175299515

1264526779

872424895

1219798465

1301784001

914892228

1197188549

1197188554

993404363

1228121547

1297163722

1250371027

399648212

1021519316

736536022

1104750042

1116087790

1177822703

1244210673

1258104308

990160374

1177363961

1095607805

1214785026

975447563

1050027539

1293592083

296232471

1020536344

1216063000

1211115032

1266591258

1064511006

1103570465

1217766946

1124836910

913483313

1053795896

1121494585

1220748864

1269409352

1185457742

1265739342

1090725456

1252927056

1034397262

1220322901

1221764693

1101571672

1286612569

1192175195

897820252

1175725659

1164060253

1231857244

1183164001

1193453158

1257645671

1208460907

1268524653

1056614000

469411441

1193879160

1279764089

1229596282

1183164030

1155901056

1085908608

1102784132

1250797192

1264952968

834315918

854435471

993863316

1111762586

1158817435

1120577187

1117333160

938550956

905488045

1185818286

1038558897

1276946103

1097737913

1057105594

1220683452

1229596352

1212229315

718153412

1021585093

933471941

1116645064

535176909

1158653648

1132046034

1023059670

1234183897

1117365978

1106552541

1070180064

1198204643

1206789861

1218094824

1202956010

1236641517

1184868078

1234904818

589113075

1208100597

1221273334

1210296057

1195615995

1133422333

502277885

988620548

1205806854

1203644171

1266525966

1155901200

328869649

1141876504

1203218201

1187063581

1252960031

1210689312

1227368230

1239656230

1179199272

766093099

446408493

501819182

1186244400

1225926448

1294575412

1188669240

1231726392

522037051

1219602235

994486089

1157801801

1273931595

1195812693

1286547287

1006643034

1249224539

1100883805

467904350

1181296480

1225467747

949888868

1069786981

1019160422

1113335652

1236608871

1142892393

1218291561

1291167595

1227990892

731391854

646489967

1032365936

1191323503

1113270130

1190471538

824354676

1205839728

1278125934

1227761527

1279174518

1156818809

1215997813

1280845692

428189565

1209083773

575547270

576235401

1116874634

1148856203

1288415123

407775125

1242736533

364619672

1227368346

1004971931

830547885

1156753325

1218127789

1190438832

1277568941

1000548274

1263740846

1186736053

802826167

1141352376

828188600

1034725306

1230317495

1101998007

845129661

1072998335

1188931520

1164224447

1115105220

1273735112

947791818

1240639438

1298442190

1242890231

1273046996

909027286

1049667546

1257678813

991668192

1206265834

1023748075

433596395

1211115502

806004725

1288447989

1176381440

1156032514

630761475

1019062274

1226942477

1270097936

1187784721

1195517978

1104160795

1287039005

916957220

1276389423

544385071

1269409840

1185785906

1236019251

484780085

1257416763

1205381181

1172154431

1280190531

1084860489

1049831499

1240115276

1297197132

1237526610

962734163

1020667989

1224878169

1249978459

830515294

1151051872

1176414307

1106225252

1208952944

1184934001

1003792498

448112755

1179920500

1012279413

1158981747

1073129594

550971517

407873664

1165273218

1123297411

1117792389

403941510

1137911949

916236431

1242736787

1136601237

1220880533

1106389145

1216686234

1234512033

963455137

1239132329

515156139

1186146488

1293625528

1229039813

1271670982

1118513354

1281370318

1215670487

1177823448

399550680

1218193628

428845277

339749089

1195780329

1251256566

1232021752

1157277945

1246243064

1221765371

1289758968

1071360255

1190603008

1232480514

1148070149

774875399

1191422216

447588618

1067297035

1170417934

1274947855

603990291

1135126803

1216096533

1234446615

1268361500

1214851361

1169926434

1204267303

1247717672

931178794

343779630

657500465

717236529

1234905400

998091072

1246832964

1186801988

1067264330

1279207754

1263348046

1273178447

1157900625

981903698

569387346

1237461331

1179658581

1076504918

1094592855

1201613145

783493466

1244375385

910600542

1183689055

1179986271

1214163296

1242179936

1084139875

910076264

1276553576

467577200

561326449

1214163316

1121659254

1229039990

1263348089

542910851

606808453

472885640

1169467788

1258596749

1028958610

1191422356

1221175709

1249159589

1274915240

1172122027

1177889195

1274915244

1205840307

962144693

988752315

1191750083

1264560589

1217702354

1159702996

895691221

680470997

1097673175

500017625

1192045019

1241229788

1083451870

659532255

656124384

575154654

1029384674

1250339300

1214589412

1178872295

950577641

923216363

1059695084

1094429166

1176414704

1009134067

1199057395

1298475508

1155967478

965749240

983280121

765307389

722217471

1212951043

712124936

1245620746

1250798096

1219570193

479472149

1225533974

1040951831

1138731546

973482525

878979615

455256615

1163471399

1187785262

990652974

979151411

1172089397

993536566

1202760247

1225009720

1265019460

1264527942

1145252432

969845330

1156786773

1059236437

422062685

1197681248

1199483489

1077258852

1211935334

1137879658

1231825518

1190013567

1188571779

1208068743

927443601

980494993

1222224530

1165109912

1294576282

879405729

1255123642

1137519298

1260432075

1061858015

1216064227

408693480

973351657

1229630187

1213442805

1111534332

1225108222

1234905860

1229368072

1215507216

990554894

1107667727

1161440023

595831580

1152854815

1207741215

1246112545

580758306

1177365293

1037970222

1007987503

1175300910

395979574

367242040

1240869689

1152887610

1225042752

1203645251

1242835779

1315482438

997665614

958507857

744237905

634235735

1127623524

895757159

731753333

1182870396

1116351358

1224452991

1230941056

1108323202

938584973

814656403

1096461203

1170975636

1143516053

1223240613

1294543782

1157311399

1207741352

663268267

1088203692

1196207025

1214688180

1222978489

1136667579

689941435

456862652

459189186

1193880523

1204693963

727296976

478948306

735128536

1227369440

1239395297

1229630435

1098034148

1216850919

1193257961

973482987

1166486511

1195813871

1066347510

1182215159

1182870521

1111075833

1011756026

1213180925

1072737282

1190243333

1289137155

1299524618

1110649868

1192438798

1264528398

345386004

1294969878

950938648

1222290456

1218685981

1116613662

573516833

1136503844

455650341

1204759594

407678003

1038560319

1231924288

1163570240

680733772

1191488599

1113467993

1187851356

1109830748

1132506205

1147645025

956181601

403090531

1055960161

1205415010

1262955629

1215212654

1215638640

879012980

1035218038

1240706168

1218194553

1193094266

369175675

1161505920

1225108608

806136963

1174514821

1279667338

1281469579

1098099856

1149840530

1130638483

890449044

1096985755

554937499

1156787368

1252338864

1255779506

627879091

410332343

500116670

1274522819

932228293

664972496

1233595602

1193094356

362949845

913517781

1084206292

1281338582

1183263968

662842594

503098602

981413101

626699502

1234480368

1191685365

1188965622

965881078

351808758

1092955386

403647748

1208954117

1259023622

569322760

1220357389

1250340150

1239002439

1156853066

1160752459

1126935885

1163570512

1081847121

1234382160

1240771923

537636186

1185164635

1234840926

964701536

1176415591

1173466471

642821482

1107176811

1205415281

1207545206

920825208

945270141

1085123968

1210658192

1110289808

1223241106

928918933

1239002524

1228549536

1123855778

1259122084

1187917222

1159277993

1176382890

1215212971

948612522

417869228

541044144

1240051121

948645308

1314762175

1061531073

1153281475

1229991364

1236610503

1087286731

937143758

633253328

911781335

1234152926

1013919204

864103912

1152331241

1212231146

1102065129

763342319

1261088240

705211891

1115598329

1216065017

1217801726

1270656515

1230286341

1227697674

929410574

1190243857

1187687955

842018324

1141648917

1232186902

1146138135

1239297557

975875615

1299459615

1260301862

1137913384

1184804395

1195322927

1212755504

1007103537

1219964466

1214819892

1123626556

1140043330

1263021634

1214295623

1230810704

1130901077

1274097238

1257746009

1179987548

498249308

1224617564

1234153057

1189916257

1181265519

1289137777

522366578

1226911347

1206890100

1190178423

760295036

1239297660

1170452095

1289563774

1181232770

1217015431

958213768

1116483214

1245097612

1263349400

1174154909

357412510

1263382177

1287925409

1219604140

1250766509

1206890158

1207512753

1266167473

1198862003

1174187705

537931449

1199386300

1259089601

1273507522

1087712966

1047768779

1185132236

1093316307

1199517402

868626143

1234448101

990588652

1183264494

1111502580

1234087670

576696056

1231826696

1273147146

1077948172

816164622

1111502608

1215639313

1097445139

1243426580

1107603229

1248243488

1098624801

1052978978

1211608867

1215639333

1260990254

1088532271

1240084273

1166126903

414658364

980168512

1149841223

1233563469

1190276943

1246605136

1235365718

492220247

1178906457

1052684130

907751266

1193520997

1218097000

578203499

1262956398

1178349430

1164226425

1133653883

1194045308

898838405

1098592136

342994828

1215541132

975744915

1177923476

1190014867

921022358

583577503

1167830947

1178546085

1222225834

602550187

1186607024

1142927282

791424948

1225863092

1228156854

1199091640

1230024632

342699962

640036796

1273966522

1274982329

1163571135

1116909505

1083355074

1251815363

1242607553

1308209088

978759625

1135751116

1177333713

1168289746

1137881045

578203607

1191489497

1246113760

1232482275

1258008550

1263382516

1257615350

1117695992

1294938117

914862087

489271306

1071755276

1209708560

1059401746

1040789529

1179332634

1132539930

1065791514

1144762402

1006546980

1094103075

1043640363

1224880173

1223831599

599404597

1202761792

1298903108

1234841669

568668228

1303457862

1141715020

1214754904

1223929944

1200304220

1217704029

1167798367

1218752610

901787752

983543914

1031843950

1235497072

1048785026

1240674439

1024471184

1119137936

1049309330

1238020242

1196634266

1211642013

1246146717

1227600034

1244704933

309047464

1256861864

1180479660

1190178988

1171271852

1201123505

1187066034

1187852466

1059205308

1025290430

1122349247

1242673348

1143386323

1230352595

1155870934

1234514147

1242738924

965751023

885797105

903786740

1210593524

1238642933

434811130

549105915

1294479615

719270145

1208561922

868692227

1314238722

544616713

1132146954

1197945097

1219932433

940192022

1023291672

1213280538

434811164

442741020

1188999454

1133392159

1290678556

1215508770

566505763

1126805796

530493732

783495462

1248276774

574697774

1315942707

1219178807

1036169535

1196208449

1203122498

1187590467

1192112455

675066184

1059205450

1242083660

1190179151

1053012308

1181790551

1131524443

736670044

1244311899

1131557212

1013756255

1287008606

1190244707

932426088

1166127472

1191424370

563425652

1047146871

1176121720

1288515960

827208064

1095086466

1243328900

1255420295

1175957897

1088532875

1178841485

1234219408

1150988697

1168945566

967684514

1166127530

937079224

1073557947

1057829311

1203646913

1191489987

1229533637

1267741131

1055699417

1245458920

980496876

1289531884

904278510

1254306286

991703536

1200697840

581906929

953922033

918368765

1247785473

927969801

966078986

1115730443

1247228424

1191719439

719401490

1217376797

955396648

1058189866

1224651306

1221177900

681751085

1248211500

1287926316

1143747120

765375025

888615473

792670774

894022200

1219179067

1134342717

1122415167

1269543490

677163592

1260466768

1159213656

1130213976

980202075

1238119000

583152222

1212199520

683029090

1035219558

791491178

1254830699

1093055087

1172124273

1241887347

1258500723

1012970102

1216066170

885305981

1251291776

990556801

1067168386

974402184

696562316

1143059099

1106391722

848147135

735752897

1224422085

1169306314

1208398538

1221309132

1265808075

1274852049

1227633363

1289564894

1182872287

1210594017

1126216419

1173795556

1289106148

1266135777

1215148775

1214198504

564540143

1198437112

917582584

911258361

1192735483

1239659266

1175991050

1179202318

1168978704

1239266069

1212789529

1210626847

549761830

1229533991

1286255403

1125626671

1125626679

792638268

1134342972

1253323581

1236022081

1279112008

1198109513

1158787917

533771085

1271608146

1247720275

698299228

1218622305

1036661603

1201156965

912536422

1298969445

1214755689

1156035437

1192211309

1282257775

1198994288

1282290543

1221866355

1164850038

391492471

1189917561

1293693817

1142076283

862368637

1127232396

493859729

1240740755

1116910484

1078473622

963621782

1254470555

1290744730

1012806559

1123431328

1213215649

1116484520

582202292

895726517

1057469367

1239298999

929346489

1197552569

1214788539

1273148347

1259680710

1121530826

1229992908

1261679567

1036170193

747516887

1115108313

1118909399

1244410847

1209381857

1226945512

1253192691

1184347124

1159705605

1255453701

904737816

1216590882

1139651626

847492141

1190474797

1105343536

1297888318

1181332551

1214788681

1173730380

1192178767

1062515791

1177826389

808137814

1205843036

1178874976

547566699

1193522286

1161245804

1031943282

1216033909

1055962232

1058288768

1196635264

1260467329

1178973317

1192572038

1223406725

1087714439

1316402314

1105376397

321369231

1234482319

1198437521

1282815123

1103901846

1289598104

965096605

672707752

1186182319

638137530

1191720123

1177826499

1225897160

1061860553

1209447636

985117912

1127855320

1028961504

1166062820

901559525

1273967845

1281242346

1192965357

1202533613

429208823

1276982522

1261810940

1160197378

1066611974

1191949579

1154397455

804631824

1200305425

1125004562

1024505111

941143328

1164850472

1195849011

1215149373

1176352069

1289237832

958215499

1267676492

1222849872

775402833

1058452825

1236645215

1225110882

1163670883

1032238434

1256928610

1182872940

913585516

1148892535

1145746808

1110226301

1126380927

1271739787

1196406158

1107473808

1168618904

1207547288

1219179929

1229108635

1253782937

1229993388

1088632237

1294644656

1211610546

1099445683

1244411321

1199355334

1211643334

1209152969

1235531209

1129690570

1261221329

1007891923

479966678

952645084

837563884

1123890671

1195816432

1207154168

1266660880

883144212

529479190

1205384726

1301296675

1081816616

1177925161

1016477226

1174779436

1279702575

1106818611

594753075

1234548276

1107473984

1195783754

1227601482

491075156

537146964

1057076823

1284453973

1229960788

901625436

1246148197

1115010672

1263777395

1177958017

979777165

1279211153

1196242582

1229010585

1114453659

1215182497

1116583586

1225897647

1236645554

1227667123

1259747005

1057961675

1055274701

1205810892

1242805961

588199634

1170355932

1031681760

1262466791

1127724780

1221834477

1126905593

1275934457

564672254

1209448190

1177859840

1017263875

1119500035

1065400069

1107834630

1219180300

1290090258

1225504534

373962521

1178777377

1099085604

1229993767

1148303144

1199552296

935180072

1293399850

1034630958

1179694896

1180972847

1258469168

1277015864

1223341885

972994374

1239791430

1174681417

1214166859

1118353232

1279211346

1183332186

1048885091

1109342052

1207547749

1207514986

1260894061

1255749487

943273841

1040398194

1232156535

1226946428

1062516606

1217804165

700659595

1223407500

1063892879

463419280

1029355410

579188627

1193523093

1293006745

1104295834

1274918817

1242740643

1226946467

1116059566

1112389556

1176483764

1234876347

1132804028

865777598

1067104191

1134835650

673691591

718026696

1068775369

1202108366

735164370

919812052

578467798

1159247836

1236744160

781137889

995145713

1182808050

1129822198

1207154680

1238218745

1028405245

1186772993

1075820557

469874704

1164818450

1177827355

1097349152

1084307487

522795042

1214756896

931379232

1212233767

1226356780

1134377004

1194965040

1142929457

1225504819

1095284787

1174157366

1220819004

1283143741

494254145

1216133188

1125300296

1242806350

1086175314

1035581522

1271314519

660781150

1187821674

1177958512

1263384695

1010677881

1268267133

391297152

852801667

1229994123

884947086

1141323918

1243986071

1207548057

1066612895

412694689

526039204

1236678821

625162409

1114028201

1219180715

576764076

1249622185

1234155697

525351091

1191753908

1180874942

1213905094

909195466

982235342

1178548433

1287010516

959428821

955398364

1039841501

1181235433

1175992554

522008813

1212201213

1067301118

1076214015

1033484547

1037285648

1296513297

1115633942

1037941019

1215183132

1173436701

1176877343

708196645

1193523494

823703847

1296087336

1244018984

1029847339

1163802925

871119149

1062156590

1196177713

1008548146

1247394099

735918392

1229076800

1317681474

1136671044

1260468566

1209416029

1111603555

579156332

1191688557

1139751281

1276098932

1196636533

868104566

1223965045

1185790328

1112193398

1183267202

785201538

601831815

922499464

1169373576

1243429257

1110292876

1076771212

1102657935

1246050710

486717857

575846819

1021917607

556317096

1177336233

1129724331

965753261

899135923

1142700471

1244641721

1179007417

975976893

1086929344

1193490882

1236515266

1093777859

1167833542

1183201739

1191492045

1249622482

1180907989

1250671066

1271282141

1084635618

1212004837

940292587

989673964

1179695597

1205877230

1255061997

575781369

1251260926

1274001919

1276623360

1198078467

1179662853

1078540806

366492169

1114356238

1173731877

1240087089

1094138419

1244052022

969488951

1210595897

1269054007

1170815548

591641163

1069300300

1191066192

1187068506

1030306396

1116977757

1202829925

965753446

1133394539

1274919535

706099830

1067170426

1102002812

667728512

1115667074

1226848896

509885060

1148435076

1257126530

1148435080

1228192392

1226848911

1212791441

450542233

550484636

1145485982

1057569449

1029094059

1132542642

1212791476

1120484022

1177828023

677624503

1170979515

493828796

987871931

1282816703

1207220929

1163672258

1206106821

1249360585

1232517836

1187134166

1144011483

451525347

885504739

1309457127

1176091381

1279671028

1246083840

1086896901

1227275021

1099021080

1181268761

1204730653

1184807716

1208826661

409123625

1168948012

1203223340

1208335156

351353657

1241234234

1093352252

1200831294

502479679

1240808259

1257061197

1224850259

1216953175

1298512730

956447580

1133067102

686373737

1243986797

1071758195

1070709625

1211546489

1138834300

1135786882

1079884680

1071201165

1216592786

1187134355

484850591

1213741985

1121434531

404405151

1032764326

450771879

1114815401

540392362

1236089775

1174846392

663698361

521714618

1113865150

1125301186

1247853518

1214331863

1255422937

887045083

1220328411

1105279967

1228520416

1040366566

1273347046

1277606898

1210629107

1176484857

1163967490

570964996

1170455562

1273674766

1223408659

1261255701

1271217180

394443824

555564082

1152203841

1232485445

1111211078

1272101959

1213676617

1203780683

1204272205

917912662

1214921823

1255750753

1218788452

1132018790

635911275

1289632879

422034547

1279671410

1235958902

834878585

1278852217

995114108

1097448578

1141652613

1276427402

1237564556

1212234893

1113996439

487767194

1133886623

1135393954

898383017

328580268

954317996

922434740

394443957

1184119991

1101610174

1166884033

1235958982

994884811

632437966

1118813400

1195621598

373046496

1133034724

1238645991

1184316666

936393978

1224490242

1273216258

1001897231

1184185618

1169931539

833142036

1024507158

1062288665

575487269

1161116967

1213283632

1149844786

1121926455

1224490295

988396858

1159642427

1286323524

1184185681

1141521746

1187200339

1193885011

918338898

1103150428

392084834

1271283042

1033387365

1178516837

910212454

1101086057

1223277930

1225899371

950812012

1280851302

1225506161

892812659

550976883

1184218485

1196637559

1164426620

1191394685

447331712

867319169

1304214912

1183333768

590495115

1266531728

1223343514

1258569114

925547937

1041808803

1137196453

1308179879

1018641834

1166130603

1239334316

1183628728

1180843459

1280359877

1116552647

1217478090

1037942219

480886220

1198833102

1000619473

1048559057

1260436946

1198112212

364854741

1317649878

1126743512

536427999

1156005346

1286225379

984268262

1142930921

1219182059

1172291055

807484913

1163574770

1064025591

1049607675

1281506815

1117273600

445791750

954252817

1174126098

1093680657

1233010196

1197850136

1102298649

1196670494

1168916001

1271184936

1218231855

948715059

453164597

1209351734

1164000827

1018773056

1233043012

1229405773

1242250828

1240940112

1135427154

959954514

1281375832

1144766042

1185857120

1214627433

1163673193

997113457

398966395

1068416637

476266112

1079852672

1221967489

913292932

1152368266

1217674892

1253326476

1159052944

1247592081

1243430546

993083034

1192246942

950582943

1064025773

1129594542

392609455

479444657

1236057796

1135328965

1233731278

1229569743

698597073

1267744467

1155776214

610320088

937737946

1089453793

1208499943

1135394536

432488169

823869162

1214758647

1233993465

1023327997

1220755201

1252933377

955432707

1200832264

1106329353

1205452552

1212202766

1273184016

1168490261

1011269400

1166425882

1252933406

1230323494

1090076461

646233904

1230421809

1182908212

1238122300

1179926344

1171013457

1105903447

1059274584

657342303

689225570

1227407199

1315520354

1177894761

1156464496

1241923451

1215545216

1243398018

1076871053

463257499

983515038

1208401829

535609266

904740787

1216626612

1033781179

931872702

1205387201

1273675715

1266171853

899039191

834715612

1220755422

1217314783

962969578

1119895531

1156071404

424591347

1206829047

562184187

492486658

1289142274

1088241669

1228587014

1183629323

942293005

575225877

1239269399

1230782489

1212071975

945274928

1052721200

1114259506

1286619187

1077264443

740737088

1142145092

1213775949

575684686

1174290516

397951063

1173799021

1251262578

1249951859

1278820469

881705085

574242942

1210269824

1086537857

1118650511

1187823762

1179697304

1188348059

605634718

522043557
